('name': "fripouille", 'params': ('out': 0, 'modFreqMul1': 0.57835665878437, 'amp': 0.8, 'modFreqMul2': 0.5383375901431, 
  'modIndex2': 1.4249363867684, 'detuneDur': 0.62101694189156, 'freq': 440.0, 'detuneHz': 15.448275862069, 'modIndex1': 2.6530612244898, 
  'freqMul': 0.5), 'envParams': ('env': Env(List[0, 1, 0.76489028213166, 0.23040752351097, 0.76802507836991, 0], [0.001, 0.58572462701457, 0.0002, 0.42811907043282, 0.45390705201728], List[0, -2.4416330188411, 1.9864988867638, 27.631019115928, 27.631041237892])))