('name': "pancake", 'params': ('out': 0, 'modFreqMul1': 0.57835665878437, 'amp': 0.8, 'modFreqMul2': 0.5383375901431, 
  'modIndex2': 1.4249363867684, 'detuneDur': 0.62101694189156, 'freq': 440.0, 'detuneHz': 15.448275862069, 'modIndex1': 2.6530612244898, 
  'freqMul': 0.5), 'envParams': ('env': Env(List[0, 1, 0.27102803738318, 0.15420560747664, 0.079937304075235, 0], [0.001, 0.39912998060405, 0.48324227577131, 0.34155116896914, 0.54174324132216], List[0, -2.4416330188411, 1.9864988867638, 27.631019115928, 2.8219662352344])))