('name': "Interstellaire", 'params': ('out': 0, 'modFreqMul1': 0.5010876187891, 'amp': 0.75705329153605, 'modFreqMul2': 0.48186751949982, 
  'modIndex2': 2.4427480916031, 'detuneDur': 0.46864759750722, 'freq': 440.0, 'detuneHz': 24.727272727273, 'modIndex1': 1.7091836734694, 
  'freqMul': 0.25), 'envParams': ('env': Env(List[0, 1, 0.76489028213166, 0.23040752351097, 0.76802507836991, 0], [0.38544189215906, 0.20128273485551, 0.0002, 0.42811907043282, 0.50101625972606], List[0, -2.4416330188411, 1.9864988867638, 27.631019115928, -0.89633843739024])))